00016,6,08192,08192,08056,08207,08188,08192
00032,7,08192,08192,08059,08207,08190,08192
00048,8,08192,08192,08059,08207,08189,08192
00064,9,08192,08192,08055,08207,08189,08192
00080,0,08192,08192,08055,08207,08189,08192
00096,1,08192,08192,08054,08207,08187,08192
00112,2,08192,08192,08054,08207,08189,08192
00128,3,08192,08192,08057,08207,00018,08192
00144,3,08192,08192,08057,08207,00018,08192
00160,3,08192,08192,08057,08207,00018,08192
00176,3,08192,08192,08057,08207,00018,08192
00192,6,08192,08192,08054,08207,08187,08192
00208,7,08192,08192,08054,08207,08189,08192
00224,8,08192,08192,08055,08207,08190,08192
00240,9,08192,08192,08057,08207,08189,08192
00256,0,08192,08192,08057,08207,08190,08192
00272,1,08192,08192,08054,08207,08188,08192
00288,2,08192,08192,08059,08207,08189,08192
00304,3,08192,08192,08060,08207,08190,08192
00320,4,08192,08192,08056,08207,08188,08192
00336,5,08192,08192,08058,08207,08188,08192
00352,6,08192,08192,08057,08207,08189,08192
00368,7,08192,08192,08059,08207,08189,08192
00384,8,08192,08192,08057,08207,08190,08192
00400,9,08192,08192,08059,08207,08189,08192
00416,0,08192,08192,08057,08207,08189,08192
00432,1,08192,08192,08059,08207,08189,08192
00448,2,08192,08192,08055,08207,08189,08192
00464,3,08192,08192,08055,08207,08189,08192
00480,4,08192,08192,08057,08207,08189,08192
00496,5,08192,08192,08057,08207,08189,08192
00512,6,08192,08192,08053,08207,08188,08192
00528,7,08192,08192,08057,08207,08189,08192
00544,8,08192,08192,08055,08207,08189,08192
00560,9,08192,08192,08053,08207,08188,08192
00576,0,08192,08192,08055,08207,08189,08192
00592,1,08192,08192,08053,08207,08188,08192
00608,2,08192,08192,08054,08207,08189,08192
00624,3,08192,08192,08054,08207,08190,08192
00640,4,08192,08192,08054,08207,08188,08192
00656,5,08192,08192,08054,08207,08188,08192
00672,6,08192,08192,08057,08207,08190,08192
00688,7,08192,08192,08055,08207,08190,08192
00704,8,08192,08192,08057,08207,08189,08192
00720,9,08192,08192,08059,08207,08191,08192
00736,0,08192,08192,08054,08207,08188,08192
00752,1,08192,08192,08059,08207,08189,08192
00768,2,08192,08192,08057,08207,08190,08192
00784,3,08192,08192,08058,08207,08188,08192
00800,4,08192,08192,08058,08207,08188,08192
00816,5,08192,08192,08057,08207,08189,08192
00832,6,08192,08192,08057,08207,08190,08192
00848,7,08192,08192,08056,08207,08188,08192
00864,8,08192,08192,08059,08207,08190,08192
00880,9,08192,08192,08055,08207,08189,08192
00896,0,08192,08192,08054,08207,08188,08192
00912,1,08192,08192,08057,08207,08189,08192
00928,2,08192,08192,08056,08207,08188,08192
00944,3,08192,08192,08054,08207,08189,08192
00960,4,08192,08192,08054,08207,08189,08192
00976,5,08192,08192,08054,08207,08189,08192
00992,6,08192,08192,08055,08207,08189,08192
01008,7,08192,08192,08055,08207,08189,08192
01024,8,08192,08192,08057,08207,08189,08192
01040,9,08192,08192,08054,08207,08188,08192
01056,0,08192,08192,08054,08207,08187,08192
01072,1,08192,08192,08057,08207,08189,08192
01088,2,08192,08192,08055,08207,08190,08192
01104,3,08192,08192,08054,08207,08188,08192
01120,4,08192,08192,08055,08207,08190,08192
01136,5,08192,08192,08056,08207,08188,08192
01152,6,08192,08192,08055,08207,08190,08192
01168,7,08192,08192,08059,08207,08189,08192
01184,8,08192,08192,08059,08207,08189,08192
01200,9,08192,08192,08057,08207,08189,08192
01216,0,08192,08192,08056,08207,08188,08192
01232,1,08192,08192,08057,08207,08189,08192
01248,2,08192,08192,08057,08207,08191,08192
01264,3,08192,08192,08056,08207,08188,08192
01280,4,08192,08192,08054,08207,08190,08192
01296,5,08192,08192,08055,08207,08189,08192
01312,6,08192,08192,08054,08207,08189,08192
01328,7,08192,08192,08053,08207,08189,08192
01344,8,08192,08192,08055,08207,08189,08192
01360,9,08192,08192,08054,08207,08189,08192
01376,0,08192,08192,08053,08207,08190,08192
01392,1,08192,08192,08053,08207,08188,08192
01408,2,08192,08192,08053,08207,08189,08192
01424,3,08192,08192,08055,08207,08189,08192
01440,4,08192,08192,08054,08207,08190,08192
01456,5,08192,08192,08053,08207,08188,08192
01472,6,08192,08192,08055,08207,08190,08192
01488,7,08192,08192,08054,08207,08191,08192
01504,8,08192,08192,08054,08207,08190,08192
01520,9,08192,08192,08055,08207,08189,08192
01536,0,08192,08192,08055,08207,08191,08192
01552,1,08192,08192,08051,08207,08189,08192
01568,2,08192,08192,08047,08207,08192,08192
01584,3,08192,08192,08045,08207,08194,08192
01600,4,08192,08192,08040,08207,08196,08192
01616,5,08192,08192,08044,08207,08194,08192
01632,6,08192,08192,08040,08211,08198,08192
01648,7,08192,08192,08032,08213,08201,08192
01664,8,08192,08192,08034,08213,08200,08192
01680,9,08192,08192,08042,08207,08196,08192
01696,0,08192,08192,08045,08207,08195,08192
01712,1,08192,08192,08046,08207,08194,08192
01728,2,08192,08192,08044,08207,08192,08192
01744,3,08192,08192,08045,08207,08192,08192
01760,4,08192,08192,08045,08207,08192,08192
01776,5,08192,08192,08039,08207,08194,08192
01792,6,08192,08192,08028,08213,08198,08192
01808,7,08192,08192,08025,08216,08200,08192
01824,8,08192,08192,08021,08222,08206,08192
01840,9,08192,08192,08009,08227,08209,08192
01856,0,08192,08192,08002,08227,08210,08192
01872,1,08192,08192,07997,08227,08207,08192
01888,2,08192,08192,07981,08230,08208,08192
01904,3,08192,08192,07940,08244,08215,08192
01920,4,08192,08192,07869,08258,08216,08192
01936,5,08192,08192,07818,08261,08215,08192
01952,6,08192,08192,07786,08259,08212,08192
01968,7,08192,08192,07753,08254,08211,08192
01984,8,08192,08192,07709,08253,08211,08192
02000,9,08192,08192,07618,08250,08204,08192
02016,0,08192,08192,07514,08240,08187,08192
02032,1,08192,08192,07408,08229,08167,08192
02048,2,08192,08192,07303,08223,08150,08192
02064,3,08192,08192,07193,08224,08143,08192
02080,4,08192,08192,07065,08221,08138,08192
02096,5,08192,08192,06936,08213,08129,08192
02112,6,08192,08192,06795,08201,08113,08192
02128,7,08192,08192,06640,08189,08094,08192
02144,8,08192,08192,06493,08183,08071,08192
02160,9,08192,08192,06353,08181,08054,08192
02176,0,08192,08192,06233,08182,08043,08192
02192,1,08192,08192,06101,08196,08027,08192
02208,2,08192,08192,05951,08208,08009,08192
02224,3,08192,08192,05799,08202,07988,08192
02240,4,08192,08192,05654,08195,07965,08192
02256,5,08192,08192,05532,08186,07938,08192
02272,6,08192,08192,05434,08186,07910,08192
02288,7,08192,08192,05328,08186,07882,08192
02304,8,08192,08192,05233,08195,07850,08192
02320,9,08192,08192,05121,08212,07809,08192
02336,0,08192,08192,04982,08229,07773,08192
02352,1,08192,08192,04869,08245,07744,08192
02368,2,08192,08192,04757,08253,07719,08192
02384,3,08192,08192,04663,08262,07701,08192
02400,4,08192,08192,04572,08280,07688,08192
02416,5,08192,08192,04485,08293,07669,08192
02432,6,08192,08192,04409,08300,07633,08192
02448,7,08192,08192,04325,08311,07594,08192
02464,8,08192,08192,04238,08334,07571,08192
02480,9,08192,08192,04167,08354,07559,08192
02496,0,08192,08192,04088,08369,07538,08192
02512,1,08192,08192,04014,08376,07519,08192
02528,2,08192,08192,03943,08366,07497,08192
02544,3,08192,08192,03889,08342,07467,08192
02560,4,08192,08192,03837,08316,07439,08192
02576,5,08192,08192,03801,08311,07430,08192
02592,6,08192,08192,03792,08322,07435,08192
02608,7,08192,08192,03886,08333,07429,08192
02624,8,08192,08192,03898,08341,07422,08192
02640,9,08192,08192,03927,08338,07417,08192
02656,0,08192,08192,03990,08329,07419,08192
02672,1,08192,08192,04086,08325,07441,08192
02688,2,08192,08192,04209,08321,07476,08192
02704,3,08192,08192,04357,08305,07520,08192
02720,4,08192,08192,04526,08288,07565,08192
02736,5,08192,08192,04724,08270,07623,08192
02752,6,08192,08192,04971,08245,07691,08192
02768,7,08192,08192,05239,08222,07759,08192
02784,8,08192,08192,05449,08214,07846,08192
02800,9,08192,08192,05750,08210,07929,08192
02816,0,08192,08192,06053,08211,08009,08192
02832,1,08192,08192,06356,08210,08080,08192
02848,2,08192,08192,06631,08208,08125,08192
02864,3,08192,08192,06913,08214,08167,08192
02880,4,08192,08192,07241,08224,08184,08192
02896,5,08192,08192,07333,08235,08203,08192
02912,6,08192,08192,07499,08243,08217,08192
02928,7,08192,08192,07715,08250,08218,08192
02944,8,08192,08192,07809,08250,08224,08192
02960,9,08192,08192,07875,08244,08225,08192
02976,0,08192,08192,07928,08238,08222,08192
02992,1,08192,08192,07972,08229,08219,08192
03008,2,08192,08192,07995,08221,08215,08192
03024,3,08192,08192,08009,08216,08208,08192
03040,4,08192,08192,08020,08211,08204,08192
03056,5,08192,08192,08026,08209,08201,08192
03072,6,08192,08192,08033,08208,08202,08192
03088,7,08192,08192,08040,08207,08201,08192
03104,8,08192,08192,08042,08209,08202,08192
03120,9,08192,08192,08049,08207,08201,08192
03136,0,08192,08192,08056,08209,08201,08192
03152,1,08192,08192,08059,08209,08199,08192
03168,2,08192,08192,08058,08209,08200,08192
03184,3,08192,08192,08060,08209,08200,08192
03200,4,08192,08192,08060,08209,08200,08192
03216,5,08192,08192,08061,08209,08200,08192
03232,6,08192,08192,08065,08209,08200,08192
03248,7,08192,08192,08065,08209,08201,08192
03264,8,08192,08192,08064,08208,08199,08192
03280,9,08192,08192,08064,08208,08199,08192
03296,0,08192,08192,08064,08208,08199,08192
03312,1,08192,08192,08059,08212,08201,08192
03328,2,08192,08192,08057,08213,08202,08192
03344,3,08192,08192,08053,08215,08203,08192
03360,4,08192,08192,08049,08216,08204,08192
03376,5,08192,08192,08041,08219,08206,08192
03392,6,08192,08192,08033,08220,08207,08192
03408,7,08192,08192,08027,08222,08207,08192
03424,8,08192,08192,08018,08226,08209,08192
03440,9,08192,08192,08009,08231,08210,08192
03456,0,08192,08192,07981,08241,08212,08192
03472,1,08192,08192,07948,08251,08217,08192
03488,2,08192,08192,07913,08258,08213,08192
03504,3,08192,08192,07890,08264,08211,08192
03520,4,08192,08192,07866,08267,08208,08192
03536,5,08192,08192,07842,08274,08206,08192
03552,6,08192,08192,07797,08283,08202,08192
03568,7,08192,08192,07738,08292,08193,08192
03584,8,08192,08192,07691,08296,08187,08192
03600,9,08192,08192,07652,08298,08182,08192
03616,0,08192,08192,07602,08304,08179,08192
03632,1,08192,08192,07549,08307,08171,08192
03648,2,08192,08192,07469,08307,08154,08192
03664,3,08192,08192,07378,08302,08127,08192
03680,4,08192,08192,07276,08296,08096,08192
03696,5,08192,08192,07152,08292,08060,08192
03712,6,08192,08192,07021,08288,08025,08192
03728,7,08192,08192,06881,08284,07986,08192
03744,8,08192,08192,06718,08274,07931,08192
03760,9,08192,08192,06531,08262,07858,08192
03776,0,08192,08192,06328,08253,07785,08192
03792,1,08192,08192,06127,08249,07727,08192
03808,2,08192,08192,05926,08252,07684,08192
03824,3,08192,08192,05738,08252,07664,08192
03840,4,08192,08192,05565,08254,07659,08192
03856,5,08192,08192,05484,08247,07625,08192
03872,6,08192,08192,05219,08247,07573,08192
03888,7,08192,08192,05170,08251,07512,08192
03904,8,08192,08192,05038,08258,07458,08192
03920,9,08192,08192,04834,08266,07420,08192
03936,0,08192,08192,04814,08265,07391,08192
03952,1,08192,08192,04604,08269,07380,08192
03968,2,08192,08192,04487,08281,07373,08192
03984,3,08192,08192,04373,08293,07346,08192
04000,4,08192,08192,04280,08300,07311,08192
04016,5,08192,08192,04220,08302,07283,08192
04032,6,08192,08192,04189,08297,07259,08192
04048,7,08192,08192,04138,08299,07239,08192
04064,8,08192,08192,04047,08300,07210,08192
04080,9,08192,08192,03948,08298,07182,08192
04096,0,08192,08192,03965,08313,07187,08192
04112,1,08192,08192,03806,08332,07204,08192
04128,2,08192,08192,03857,08353,07207,08192
04144,3,08192,08192,03814,08370,07214,08192
04160,4,08192,08192,03755,08386,07221,08192
04176,5,08192,08192,03698,08404,07220,08192
04192,6,08192,08192,03632,08424,07207,08192
04208,7,08192,08192,03576,08422,07188,08192
04224,8,08192,08192,03521,08424,07166,08192
04240,9,08192,08192,03487,08433,07155,08192
04256,0,08192,08192,03444,08449,07143,08192
04272,1,08192,08192,03379,08458,07123,08192
04288,2,08192,08192,03303,08464,07110,08192
04304,3,08192,08192,03249,08469,07113,08192
04320,4,08192,08192,03216,08472,07120,08192
04336,5,08192,08192,03210,08475,07125,08192
04352,6,08192,08192,03209,08485,07132,08192
04368,7,08192,08192,03215,08493,07136,08192
04384,8,08192,08192,03204,08498,07125,08192
04400,9,08192,08192,03204,08492,07113,08192
04416,0,08192,08192,03218,08483,07107,08192
04432,1,08192,08192,03263,08487,07116,08192
04448,2,08192,08192,03311,08494,07119,08192
04464,3,08192,08192,03348,08497,07118,08192
04480,4,08192,08192,03373,08493,07129,08192
04496,5,08192,08192,03385,08490,07143,08192
04512,6,08192,08192,03421,08487,07160,08192
04528,7,08192,08192,03440,08487,07179,08192
04544,8,08192,08192,03461,08484,07198,08192
04560,9,08192,08192,03513,08469,07220,08192
04576,0,08192,08192,03580,08450,07235,08192
04592,1,08192,08192,03708,08427,07269,08192
04608,2,08192,08192,03901,08393,07326,08192
04624,3,08192,08192,04194,08357,07411,08192
04640,4,08192,08192,04581,08324,07532,08192
04656,5,08192,08192,05000,08269,07622,08192
04672,6,08192,08192,05447,08201,07691,08192
04688,7,08192,08192,05878,08154,07768,08192
04704,8,08192,08192,06301,08137,07852,08192
04720,9,08192,08192,06694,08149,07942,08192
04736,0,08192,08192,06994,08171,08019,08192
04752,1,08192,08192,07235,08195,08084,08192
04768,2,08192,08192,07431,08220,08136,08192
04784,3,08192,08192,07576,08232,08168,08192
04800,4,08192,08192,07694,08241,08190,08192
04816,5,08192,08192,07775,08246,08201,08192
04832,6,08192,08192,07843,08251,08210,08192
04848,7,08192,08192,07895,08249,08210,08192
04864,8,08192,08192,07931,08245,08211,08192
04880,9,08192,08192,07954,08242,08212,08192
04896,0,08192,08192,07971,08239,08211,08192
04912,1,08192,08192,07974,08237,08210,08192
04928,2,08192,08192,07978,08236,08208,08192
04944,3,08192,08192,07973,08235,08207,08192
04960,4,08192,08192,07976,08232,08206,08192
04976,5,08192,08192,07968,08233,08206,08192
04992,6,08192,08192,07971,08231,08205,08192
05008,7,08192,08192,07973,08231,08203,08192
05024,8,08192,08192,07970,08231,08201,08192
05040,9,08192,08192,07963,08232,08200,08192
05056,0,08192,08192,07952,08236,08201,08192
05072,1,08192,08192,07946,08237,08200,08192
05088,2,08192,08192,07939,08237,08200,08192
05104,3,08192,08192,07937,08239,08199,08192
05120,4,08192,08192,07935,08240,08198,08192
05136,5,08192,08192,07932,08242,08198,08192
05152,6,08192,08192,07935,08244,08197,08192
05168,7,08192,08192,07934,08242,08197,08192
05184,8,08192,08192,07933,08242,08197,08192
05200,9,08192,08192,07931,08244,08197,08192
05216,0,08192,08192,07925,08245,08196,08192
05232,1,08192,08192,07925,08245,08196,08192
05248,2,08192,08192,07921,08244,08196,08192
05264,3,08192,08192,07923,08245,08196,08192
05280,4,08192,08192,07920,08245,08197,08192
05296,5,08192,08192,07916,08245,08197,08192
05312,6,08192,08192,07911,08245,08198,08192
05328,7,08192,08192,07903,08245,08198,08192
05344,8,08192,08192,07898,08245,08199,08192
05360,9,08192,08192,07991,08246,08193,08192
05376,0,08192,08192,07992,08246,08193,08192
05392,1,08192,08192,07987,08246,08195,08192
05408,2,08192,08192,07985,08247,08196,08192
05424,3,08192,08192,07983,08247,08196,08192
05440,4,08192,08192,07979,08247,08196,08192
05456,5,08192,08192,07979,08246,08196,08192
05472,6,08192,08192,07978,08247,08196,08192
05488,7,08192,08192,07981,08246,08197,08192
05504,8,08192,08192,07981,08247,08197,08192
05520,9,08192,08192,07984,08247,08197,08192
05536,0,08192,08192,07986,08247,08197,08192
05552,1,08192,08192,07986,08247,08198,08192
05568,2,08192,08192,07986,08247,08197,08192
05584,3,08192,08192,07984,08247,08198,08192
05600,4,08192,08192,07984,08247,08198,08192
05616,5,08192,08192,07984,08247,08198,08192
05632,6,08192,08192,07984,08247,08198,08192
05648,7,08192,08192,07980,08246,08197,08192
05664,8,08192,08192,07979,08247,08198,08192
05680,9,08192,08192,07968,08247,08198,08192
05696,0,08192,08192,07964,08247,08201,08192
05712,1,08192,08192,07961,08247,08200,08192
05728,2,08192,08192,07952,08246,08200,08192
05744,3,08192,08192,07945,08249,08201,08192
05760,4,08192,08192,07932,08248,08201,08192
05776,5,08192,08192,07919,08248,08200,08192
05792,6,08192,08192,07907,08250,08201,08192
05808,7,08192,08192,07890,08252,08201,08192
05824,8,08192,08192,07869,08255,08200,08192
05840,9,08192,08192,07844,08258,08200,08192
05856,0,08192,08192,07810,08264,08200,08192
05872,1,08192,08192,07764,08266,08203,08192
05888,2,08192,08192,07719,08274,08204,08192
05904,3,08192,08192,07660,08279,08206,08192
05920,4,08192,08192,07576,08283,08204,08192
05936,5,08192,08192,07483,08284,08199,08192
05952,6,08192,08192,07364,08283,08187,08192
05968,7,08192,08192,07248,08278,08169,08192
05984,8,08192,08192,07120,08271,08148,08192
06000,9,08192,08192,06971,08255,08115,08192
06016,0,08192,08192,06830,08233,08087,08192
06032,1,08192,08192,06677,08212,08059,08192
06048,2,08192,08192,06520,08191,08029,08192
06064,3,08192,08192,06353,08161,07979,08192
06080,4,08192,08192,06178,08126,07913,08192
06096,5,08192,08192,06014,08109,07860,08192
06112,6,08192,08192,05874,08113,07828,08192
06128,7,08192,08192,05768,08122,07810,08192
06144,8,08192,08192,05686,08128,07801,08192
06160,9,08192,08192,05609,08137,07795,08192
06176,0,08192,08192,05533,08137,07782,08192
06192,1,08192,08192,05443,08133,07745,08192
06208,2,08192,08192,05324,08113,07678,08192
06224,3,08192,08192,05212,08102,07621,08192
06240,4,08192,08192,05103,08090,07576,08192
06256,5,08192,08192,05007,08074,07555,08192
06272,6,08192,08192,04925,08062,07556,08192
06288,7,08192,08192,04829,08056,07558,08192
06304,8,08192,08192,04726,08055,07555,08192
06320,9,08192,08192,04617,08051,07531,08192
06336,0,08192,08192,04521,08053,07491,08192
06352,1,08192,08192,04439,08063,07454,08192
06368,2,08192,08192,04367,08078,07429,08192
06384,3,08192,08192,04305,08092,07428,08192
06400,4,08192,08192,04228,08101,07437,08192
06416,5,08192,08192,04153,08105,07445,08192
06432,6,08192,08192,04087,08106,07450,08192
06448,7,08192,08192,04035,08104,07443,08192
06464,8,08192,08192,04000,08099,07435,08192
06480,9,08192,08192,03969,08107,07431,08192
06496,0,08192,08192,03934,08121,07428,08192
06512,1,08192,08192,03897,08134,07444,08192
06528,2,08192,08192,03875,08135,07482,08192
06544,3,08192,08192,03850,08135,07525,08192
06560,4,08192,08192,03806,08140,07557,08192
06576,5,08192,08192,03761,08147,07579,08192
06592,6,08192,08192,03711,08151,07580,08192
06608,7,08192,08192,03676,08157,07567,08192
06624,8,08192,08192,03657,08161,07553,08192
06640,9,08192,08192,03648,08169,07549,08192
06656,0,08192,08192,03733,08176,07546,08192
06672,1,08192,08192,03727,08183,07544,08192
06688,2,08192,08192,03704,08194,07543,08192
06704,3,08192,08192,03684,08199,07542,08192
06720,4,08192,08192,03673,08199,07538,08192
06736,5,08192,08192,03664,08197,07536,08192
06752,6,08192,08192,03565,08195,07541,08192
06768,7,08192,08192,03569,08195,07546,08192
06784,8,08192,08192,03563,08193,07542,08192
06800,9,08192,08192,03536,08207,07532,08192
06816,0,08192,08192,03508,08225,07534,08192
06832,1,08192,08192,03492,08232,07545,08192
06848,2,08192,08192,03487,08234,07554,08192
06864,3,08192,08192,03496,08228,07557,08192
06880,4,08192,08192,03507,08224,07557,08192
06896,5,08192,08192,03507,08223,07555,08192
06912,6,08192,08192,03500,08224,07549,08192
06928,7,08192,08192,03591,08228,07538,08192
06944,8,08192,08192,03574,08238,07532,08192
06960,9,08192,08192,03561,08237,07536,08192
06976,0,08192,08192,03569,08235,07548,08192
06992,1,08192,08192,03599,08231,07558,08192
07008,2,08192,08192,03642,08222,07563,08192
07024,3,08192,08192,03715,08206,07572,08192
07040,4,08192,08192,03829,08182,07578,08192
07056,5,08192,08192,04004,08141,07559,08192
07072,6,08192,08192,04255,08079,07516,08192
07088,7,08192,08192,04558,08012,07469,08192
07104,8,08192,08192,04907,07965,07476,08192
07120,9,08192,08192,05253,07966,07555,08192
07136,0,08192,08192,05628,08026,07714,08192
07152,1,08192,08192,05996,08127,07934,08192
07168,2,08192,08192,06214,08204,08099,08192
07184,3,08192,08192,06353,08239,08209,08192
07200,4,08192,08192,06337,08237,08241,08192
07216,5,08192,08192,06178,08230,08216,08192
07232,6,08192,08192,05901,08208,08154,08192
07248,7,08192,08192,05599,08175,08052,08192
07264,8,08192,08192,05246,08122,07918,08192
07280,9,08192,08192,04861,08062,07769,08192
07296,0,08192,08192,04535,08023,07657,08192
07312,1,08192,08192,04220,08016,07571,08192
07328,2,08192,08192,03980,08046,07531,08192
07344,3,08192,08192,03813,08091,07517,08192
07360,4,08192,08192,03674,08159,07537,08192
07376,5,08192,08192,03553,08205,07558,08192
07392,6,08192,08192,03430,08228,07552,08192
07408,7,08192,08192,03335,08239,07523,08192
07424,8,08192,08192,03273,08241,07502,08192
07440,9,08192,08192,03242,08247,07473,08192
07456,0,08192,08192,03199,08241,07434,08192
07472,1,08192,08192,03107,08240,07400,08192
07488,2,08192,08192,03017,08252,07379,08192
07504,3,08192,08192,02917,08274,07357,08192
07520,4,08192,08192,02864,08281,07366,08192
07536,5,08192,08192,02799,08278,07362,08192
07552,6,08192,08192,02746,08281,07348,08192
07568,7,08192,08192,02709,08289,07331,08192
07584,8,08192,08192,02692,08297,07310,08192
07600,9,08192,08192,02653,08306,07288,08192
07616,0,08192,08192,02622,08307,07286,08192
07632,1,08192,08192,02601,08306,07272,08192
07648,2,08192,08192,02615,08306,07258,08192
07664,3,08192,08192,02663,08300,07260,08192
07680,4,08192,08192,02715,08289,07268,08192
07696,5,08192,08192,02743,08279,07275,08192
07712,6,08192,08192,02711,08276,07274,08192
07728,7,08192,08192,02645,08285,07264,08192
07744,8,08192,08192,02583,08306,07255,08192
07760,9,08192,08192,02564,08324,07255,08192
07776,0,08192,08192,02584,08332,07273,08192
07792,1,08192,08192,02640,08321,07282,08192
07808,2,08192,08192,02698,08310,07272,08192
07824,3,08192,08192,02735,08300,07255,08192
07840,4,08192,08192,02782,08285,07259,08192
07856,5,08192,08192,02867,08276,07290,08192
07872,6,08192,08192,03012,08268,07346,08192
07888,7,08192,08192,03253,08270,07434,08192
07904,8,08192,08192,03574,08275,07550,08192
07920,9,08192,08192,03998,08284,07709,08192
07936,0,08192,08192,04551,08297,07914,08192
07952,1,08192,08192,05096,08304,08076,08192
07968,2,08192,08192,05632,08299,08186,08192
07984,3,08192,08192,06076,08292,08237,08192
08000,4,08192,08192,06477,08284,08259,08192
08016,5,08192,08192,06841,08284,08266,08192
08032,6,08192,08192,07112,08285,08258,08192
08048,7,08192,08192,07337,08285,08242,08192
08064,8,08192,08192,07507,08281,08225,08192
08080,9,08192,08192,07627,08273,08211,08192
08096,0,08192,08192,07721,08270,08210,08192
08112,1,08192,08192,07786,08268,08213,08192
08128,2,08192,08192,07832,08266,08214,08192
08144,3,08192,08192,07863,08260,08209,08192
08160,4,08192,08192,07888,08255,08207,08192
08176,5,08192,08192,07902,08251,08203,08192
08192,6,08192,08192,07918,08248,08200,08192
08208,7,08192,08192,07922,08247,08199,08192
08224,8,08192,08192,07922,08246,08200,08192
08240,9,08192,08192,07920,08245,08198,08192
08256,0,08192,08192,07921,08245,08201,08192
08272,1,08192,08192,07916,08243,08201,08192
08288,2,08192,08192,07909,08243,08200,08192
08304,3,08192,08192,07902,08243,08200,08192
08320,4,08192,08192,07896,08242,08198,08192
08336,5,08192,08192,07884,08243,08197,08192
08352,6,08192,08192,07860,08245,08196,08192
08368,7,08192,08192,07844,08243,08196,08192
08384,8,08192,08192,07826,08245,08195,08192
08400,9,08192,08192,07797,08246,08190,08192
08416,0,08192,08192,07873,08246,08179,08192
08432,1,08192,08192,07851,08246,08172,08192
08448,2,08192,08192,07815,08244,08167,08192
08464,3,08192,08192,07746,08244,08156,08192
08480,4,08192,08192,07681,08244,08146,08192
08496,5,08192,08192,07622,08244,08140,08192
08512,6,08192,08192,07567,08248,08137,08192
08528,7,08192,08192,07434,08248,08136,08192
08544,8,08192,08192,07392,08246,08126,08192
08560,9,08192,08192,07344,08245,08116,08192
08576,0,08192,08192,07267,08243,08104,08192
08592,1,08192,08192,07169,08246,08092,08192
08608,2,08192,08192,07060,08247,08076,08192
08624,3,08192,08192,06898,08250,08044,08192
08640,4,08192,08192,06735,08254,08010,08192
08656,5,08192,08192,06580,08264,07976,08192
08672,6,08192,08192,06440,08273,07945,08192
08688,7,08192,08192,06299,08286,07919,08192
08704,8,08192,08192,06151,08305,07891,08192
08720,9,08192,08192,06014,08319,07855,08192
08736,0,08192,08192,05977,08325,07801,08192
08752,1,08192,08192,05846,08316,07745,08192
08768,2,08192,08192,05750,08304,07700,08192
08784,3,08192,08192,05661,08295,07668,08192
08800,4,08192,08192,05545,08296,07630,08192
08816,5,08192,08192,05404,08301,07585,08192
08832,6,08192,08192,05248,08322,07534,08192
08848,7,08192,08192,05092,08357,07464,08192
08864,8,08192,08192,04928,08391,07395,08192
08880,9,08192,08192,04754,08422,07341,08192
08896,0,08192,08192,04623,08429,07315,08192
08912,1,08192,08192,04497,08403,07285,08192
08928,2,08192,08192,04407,08382,07253,08192
08944,3,08192,08192,04307,08382,07220,08192
08960,4,08192,08192,04190,08396,07185,08192
08976,5,08192,08192,04102,08419,07156,08192
08992,6,08192,08192,04047,08444,07149,08192
09008,7,08192,08192,04010,08458,07152,08192
09024,8,08192,08192,03952,08473,07158,08192
09040,9,08192,08192,03882,08483,07176,08192
09056,0,08192,08192,03810,08492,07194,08192
09072,1,08192,08192,03759,08499,07212,08192
09088,2,08192,08192,03711,08508,07210,08192
09104,3,08192,08192,03671,08516,07189,08192
09120,4,08192,08192,03654,08536,07155,08192
09136,5,08192,08192,03636,08559,07132,08192
09152,6,08192,08192,03620,08567,07122,08192
09168,7,08192,08192,03598,08565,07125,08192
09184,8,08192,08192,03540,08562,07129,08192
09200,9,08192,08192,03455,08555,07130,08192
09216,0,08192,08192,03373,08541,07106,08192
09232,1,08192,08192,03303,08536,07074,08192
09248,2,08192,08192,03261,08536,07036,08192
09264,3,08192,08192,03269,08542,07011,08192
09280,4,08192,08192,03265,08543,06994,08192
09296,5,08192,08192,03212,08550,06990,08192
09312,6,08192,08192,03142,08561,06992,08192
09328,7,08192,08192,03062,08569,06994,08192
09344,8,08192,08192,03026,08578,07007,08192
09360,9,08192,08192,03014,08587,07018,08192
09376,0,08192,08192,03014,08587,07024,08192
09392,1,08192,08192,03049,08578,07033,08192
09408,2,08192,08192,03114,08558,07051,08192
09424,3,08192,08192,03144,08554,07071,08192
09440,4,08192,08192,03132,08558,07077,08192
09456,5,08192,08192,03096,08571,07076,08192
09472,6,08192,08192,03069,08582,07074,08192
09488,7,08192,08192,03043,08596,07073,08192
09504,8,08192,08192,03004,08607,07067,08192
09520,9,08192,08192,02972,08607,07065,08192
09536,0,08192,08192,02950,08605,07071,08192
09552,1,08192,08192,02931,08607,07080,08192
09568,2,08192,08192,02917,08614,07089,08192
09584,3,08192,08192,02891,08628,07085,08192
09600,4,08192,08192,02828,08641,07082,08192
09616,5,08192,08192,02803,08639,07088,08192
09632,6,08192,08192,02792,08638,07094,08192
09648,7,08192,08192,02795,08628,07091,08192
09664,8,08192,08192,02785,08619,07084,08192
09680,9,08192,08192,02751,08628,07081,08192
09696,0,08192,08192,02723,08631,07082,08192
09712,1,08192,08192,02724,08628,07090,08192
09728,2,08192,08192,02705,08633,07093,08192
09744,3,08192,08192,02670,08644,07090,08192
09760,4,08192,08192,02650,08650,07077,08192
09776,5,08192,08192,02648,08651,07069,08192
09792,6,08192,08192,02697,08646,07072,08192
09808,7,08192,08192,02808,08628,07092,08192
09824,8,08192,08192,03000,08593,07132,08192
09840,9,08192,08192,03233,08567,07188,08192
09856,0,08192,08192,03544,08539,07265,08192
09872,1,08192,08192,04016,08499,07381,08192
09888,2,08192,08192,04610,08438,07539,08192
09904,3,08192,08192,05343,08355,07731,08192
09920,4,08192,08192,05977,08276,07860,08192
09936,5,08192,08192,06503,08224,07960,08192
09952,6,08192,08192,06934,08201,08051,08192
09968,7,08192,08192,07232,08208,08121,08192
09984,8,08192,08192,07478,08223,08177,08192
10000,9,08192,08192,07648,08241,08211,08192
